# genseed correction: 1 / median(pT_raw / pT_link) per pT_link bin, re-indexed by pT_raw = median x geometric bin centre
# only bins with n >= 200; the correction is flat below the first node and above the last (jec.h)
# ie pT_raw[GeV] correction
  0       2.1112      1.16025
  0       2.9212      1.18584
  0       3.7272      1.19988
  0       4.5403      1.20637
  0       5.7065      1.21408
  0       7.3051      1.22438
  0       8.9408      1.22523
  0      10.9732      1.22266
  0      13.5368      1.21385
  0      16.2231      1.19843
  0      18.7083      1.20000
  0      21.9094      1.18319
  0      25.1252      1.19136
  0      28.9468      1.18871
# e00: 14 nodes, pT_raw 2.11 - 28.95 GeV, flat below/above
  1       2.1305      1.14971
  1       2.9410      1.17785
  1       3.7496      1.19271
  1       4.5521      1.20324
  1       5.7110      1.21314
  1       7.3232      1.22136
  1       8.9139      1.22891
  1      10.9512      1.22511
  1      13.4132      1.22504
  1      16.1142      1.20653
  1      18.6709      1.20240
  1      21.7915      1.18959
  1      25.2375      1.18606
  1      29.6207      1.16167
# e01: 14 nodes, pT_raw 2.13 - 29.62 GeV, flat below/above
  2       2.2346      1.09618
  2       3.0505      1.13557
  2       3.8555      1.15993
  2       4.6414      1.18009
  2       5.7716      1.20039
  2       7.3058      1.22426
  2       8.8272      1.24099
  2      10.7133      1.25231
  2      13.1670      1.24795
  2      15.5112      1.25343
  2      18.0265      1.24539
  2      20.9760      1.23584
  2      24.2709      1.23330
  2      28.2730      1.21704
# e02: 14 nodes, pT_raw 2.23 - 28.27 GeV, flat below/above
  3       2.1833      1.12192
  3       2.9004      1.19436
  3       3.5961      1.24361
  3       4.2855      1.27808
  3       5.2888      1.30998
  3       6.6719      1.34060
  3       8.0935      1.35349
  3       9.8854      1.35720
  3      12.2358      1.34292
  3      14.4358      1.34680
  3      17.0717      1.31504
  3      19.8002      1.30923
  3      23.5275      1.27226
# e03: 13 nodes, pT_raw 2.18 - 23.53 GeV, flat below/above
  4       2.1259      1.15219
  4       2.8144      1.23085
  4       3.4868      1.28259
  4       4.1573      1.31749
  4       5.1163      1.35415
  4       6.4191      1.39338
  4       7.7142      1.42004
  4       9.3984      1.42752
  4      11.3150      1.45220
  4      13.7012      1.41902
  4      15.2609      1.47108
  4      18.4673      1.40372
  4      22.1506      1.35135
# e04: 13 nodes, pT_raw 2.13 - 22.15 GeV, flat below/above
  5       2.2155      1.10561
  5       3.0406      1.13928
  5       3.8739      1.15442
  5       4.6836      1.16945
  5       5.8821      1.17784
  5       7.5646      1.18238
  5       9.3070      1.17701
  5      11.4533      1.17140
  5      14.1534      1.16097
  5      16.7293      1.16217
  5      19.3798      1.15842
  5      22.0678      1.17469
  5      24.4106      1.22624
  5      28.4450      1.20968
# e05: 14 nodes, pT_raw 2.22 - 28.45 GeV, flat below/above
  6       4.9210      0.49776
  6       5.5082      0.62890
  6       6.2820      0.71190
  6       7.8872      0.69444
  6      10.1152      0.68493
  6      12.0954      0.73948
  6      14.5010      0.75543
  6      18.1457      0.73937
# e06: 8 nodes, pT_raw 4.92 - 18.15 GeV, flat below/above
  7       4.9574      0.49411
  7       5.8395      0.59322
  7       7.8916      0.56670
  7      10.1963      0.53718
  7      11.5309      0.60084
  7      13.5704      0.65910
  7      16.2400      0.67454
  7      19.1184      0.70175
# e07: 8 nodes, pT_raw 4.96 - 19.12 GeV, flat below/above
  8       4.7000      0.52117
  8       5.5205      0.62750
  8       7.0113      0.63785
  8       9.2291      0.59347
  8      10.8550      0.63825
  8      12.6338      0.70796
# e08: 6 nodes, pT_raw 4.70 - 12.63 GeV, flat below/above
  9       3.9651      0.61776
  9       4.6159      0.75047
  9       5.0714      0.88183
  9       5.5046      0.99502
  9       6.8728      1.00806
  9       9.9449      0.89938
  9      11.4710      1.16959
# e09: 7 nodes, pT_raw 3.97 - 11.47 GeV, flat below/above
